version https://git-lfs.github.com/spec/v1
oid sha256:405c09530e767832cfc90e67a80153d20d0358503c40807b58e138557048cd68
size 256381
